0,2.44948974278318,10.5830052442584,11.5758369027902,11.7473401244707,12.4096736459909,11.3137084989848,11.3137084989848,12.0830459735946,12.328828005938,17.7200451466694,18.7616630392937,23.6643191323985,23.9165214862028,22.9346898823594,23.832750575626,22.6715680975093,22.9782505861521,16.4924225024706,15.7480157480236,19.94993734326,21.3072757526625,28.49561369755,27.459060435492,22.6274169979695,22.8910462845192,35.8329457343378,34.7562943939655,31.1769145362398,30.232432915662,37.7888872553824,38.5486705347928,38.4707681233427,38.9101529166874,37.7094152699296,38.3927076409049,14.4913767461894,14.3527000944073,39.9749921826134,40.0998753115268,22.5388553391693,22.494443758404,33.2264954516723,33.466401061363,13.1909059582729,13.1909059582729,44.6766158073774,45.18849411078,26.5706605111729,26.944387170615,18.0554700852678,18.1107702762748,37.1214223865412,37.9209704517171,23.832750575626,24.1660919471891,27.4226184016042,26.3818119165458,42.7551166528639,41.3037528561268,45.912961132996,45.1663591625449,44.5869936192159,44.8553229840116,51.6526862805798,51.6526862805798,29.5972971738975,30.364452901378,32.649655434629,32.86335345031,55.0817574156817,56.302753041037,47.9583152331272,47.8957200593122
2.44948974278318,0,11.5758369027902,10.5830052442584,12.4096736459909,11.7473401244707,11.3137084989848,11.3137084989848,12.328828005938,12.0830459735946,18.7616630392937,17.7200451466694,23.9165214862028,23.6643191323985,23.832750575626,22.9346898823594,22.9782505861521,22.6715680975093,15.7480157480236,16.4924225024706,21.3072757526625,19.94993734326,27.459060435492,28.49561369755,22.8910462845192,22.6274169979695,34.7562943939655,35.8329457343378,30.232432915662,31.1769145362398,38.5486705347928,37.7888872553824,38.9101529166874,38.4707681233427,38.3927076409049,37.7094152699296,14.3527000944073,14.4913767461894,40.0998753115268,39.9749921826134,22.494443758404,22.5388553391693,33.466401061363,33.2264954516723,13.1909059582729,13.1909059582729,45.18849411078,44.6766158073774,26.944387170615,26.5706605111729,18.1107702762748,18.0554700852678,37.9209704517171,37.1214223865412,24.1660919471891,23.832750575626,26.3818119165458,27.4226184016042,41.3037528561268,42.7551166528639,45.1663591625449,45.912961132996,44.8553229840116,44.5869936192159,51.6526862805798,51.6526862805798,30.364452901378,29.5972971738975,32.86335345031,32.649655434629,56.302753041037,55.0817574156817,47.8957200593122,47.9583152331272
10.5830052442584,11.5758369027902,0,11.4891252930761,17.0880074906351,19.0262975904404,21.0237960416286,20.8326666559997,15.6843871413581,19.3390796058137,11.8321595661992,21.540659228538,32.2490309931942,33.7045990927054,13.3416640641263,19.2873015219859,26.8328157299975,29.1547594742265,25.298221281347,20.7364413533277,27.2029410174709,31.0161248385417,28.8444102037119,19.4422220952236,22.2261107708929,25.9615099714943,33.4962684488885,24.9799919935936,38.0788655293195,34.6410161513776,27.8208554864871,33.8526217596215,46.6047207909242,49.0509938737229,40.2740611312045,42.5205832509386,19.5959179422654,20.6397674405503,49.3558507170123,49.3558507170123,26.7207784317748,26.7207784317748,34.4673758792282,36.0832371053374,20.2484567313166,19.8997487421324,35.0428309358705,43.3820239269677,21.3072757526625,29.1204395571221,23.7907545067406,24,29.7993288515027,38.4447655734822,26.2678510731274,28.1780056072107,36.4965751817893,32.2490309931942,49.6386945839634,44.9666543118342,50.7148893324239,47.8957200593122,45.18849411078,46.4327470649756,60.9918027279076,60.8276253029822,36.2767142944341,40.348482003664,23.9165214862028,25.8456959666402,45.18849411078,53.1977443130815,52.1727898429823,49.6789693934969
11.5758369027902,10.5830052442584,11.4891252930761,0,19.0262975904404,17.0880074906351,20.8326666559997,21.0237960416286,19.3390796058137,15.6843871413581,21.540659228538,11.8321595661992,33.7045990927054,32.2490309931942,19.2873015219859,13.3416640641263,29.1547594742265,26.8328157299975,20.7364413533277,25.298221281347,31.0161248385417,27.2029410174709,19.4422220952236,28.8444102037119,25.9615099714943,22.2261107708929,24.9799919935936,33.4962684488885,34.6410161513776,38.0788655293195,33.8526217596215,27.8208554864871,49.0509938737229,46.6047207909242,42.5205832509386,40.2740611312045,20.6397674405503,19.5959179422654,49.3558507170123,49.3558507170123,26.7207784317748,26.7207784317748,36.0832371053374,34.4673758792282,19.8997487421324,20.2484567313166,43.3820239269677,35.0428309358705,29.1204395571221,21.3072757526625,24,23.7907545067406,38.4447655734822,29.7993288515027,28.1780056072107,26.2678510731274,32.2490309931942,36.4965751817893,44.9666543118342,49.6386945839634,47.8957200593122,50.7148893324239,46.4327470649756,45.18849411078,60.8276253029822,60.9918027279076,40.348482003664,36.2767142944341,25.8456959666402,23.9165214862028,53.1977443130815,45.18849411078,49.6789693934969,52.1727898429823
11.7473401244707,12.4096736459909,17.0880074906351,19.0262975904404,0,23.5372045918796,18.9736659610103,18,22.7156333832011,22.8473193175917,25.4165300542777,28,27.3861278752583,29.563490998189,27.6405499221705,28.4253408071038,11.3137084989848,29.4278779391243,24.9399278266799,10.4880884817015,20.7364413533277,27.8567765543682,37.0405183549043,32.218007387174,28.3196045170126,33.6452076825214,42.0238027789014,38.3927076409049,35.4964786985977,19.94993734326,40.7430975749267,43.5430821141545,39.7743636027027,42.7083130081252,26.8328157299975,41.545156155682,24.1660919471891,12.4899959967968,43.081318457076,43.1972221329104,28.8097205817759,29.9332590941915,37.6031913539263,43.6806593356831,23.6643191323985,21.2132034355964,47.0744091837593,52.5357021462548,31.3049516849971,37.3363094051889,25.6515106767613,22.8035085019828,40.4227658628155,47.0956473572665,29.698484809835,34.0587727318528,32.86335345031,20.7364413533277,45.4972526643093,32.2490309931942,48.9285192909003,34.0293990543471,47.2652091923859,53.8516480713451,53.8144961882948,53.6097006147208,28,35.2703841770968,36.4965751817893,37.1214223865412,57.3410847473258,62.3538290724796,51.0685813392148,37.0135110466435
12.4096736459909,11.7473401244707,19.0262975904404,17.0880074906351,23.5372045918796,0,18,18.9736659610103,22.8473193175917,22.7156333832011,28,25.4165300542777,29.563490998189,27.3861278752583,28.4253408071038,27.6405499221705,29.4278779391243,11.3137084989848,10.4880884817015,24.9399278266799,27.8567765543682,20.7364413533277,32.218007387174,37.0405183549043,33.6452076825214,28.3196045170126,38.3927076409049,42.0238027789014,19.94993734326,35.4964786985977,43.5430821141545,40.7430975749267,42.7083130081252,39.7743636027027,41.545156155682,26.8328157299975,12.4899959967968,24.1660919471891,43.1972221329104,43.081318457076,29.9332590941915,28.8097205817759,43.6806593356831,37.6031913539263,21.2132034355964,23.6643191323985,52.5357021462548,47.0744091837593,37.3363094051889,31.3049516849971,22.8035085019828,25.6515106767613,47.0956473572665,40.4227658628155,34.0587727318528,29.698484809835,20.7364413533277,32.86335345031,32.2490309931942,45.4972526643093,34.0293990543471,48.9285192909003,53.8516480713451,47.2652091923859,53.6097006147208,53.8144961882948,35.2703841770968,28,37.1214223865412,36.4965751817893,62.3538290724796,57.3410847473258,37.0135110466435,51.0685813392148
11.3137084989848,11.3137084989848,21.0237960416286,20.8326666559997,18.9736659610103,18,0,2.82842712474619,18.9208879284245,19.3390796058137,26,25.377155080899,13.6381816969859,13.1909059582729,34,33.6749164809655,28.3196045170126,27.6043474836845,15.6843871413581,17.1464281994822,14.3527000944073,13.0384048104053,35.5527776692624,35.5527776692624,29.732137494637,29.4957624075053,43.9317652729776,44.4747119158742,31.7490157327751,32.8024389337135,48.4767985741633,47.8957200593122,28.9136645896019,28.1780056072107,41.3521462562707,40.8166632639171,24.576411454889,24.8596057893121,29.732137494637,29.732137494637,29.4278779391243,29.4957624075053,38.1051177665153,38.0263066836631,22.4053565024081,23.2379000772445,53.1789432012333,52.4022900262956,32.7719392163479,32.5883414736007,26.6458251889485,26.6082693913001,44.7660585711988,44.0681290730614,30.9838667696593,30.9192496674806,24.1246761636296,24.9399278266799,40.5709255502016,41.7133072292284,46.9041575982343,47.5815090134813,48.0832611206852,48.0208288141719,40.7430975749267,40.8900966005217,24,23.1084400165827,43.7949768809164,43.4511219648009,64.4670458451448,63.608175575157,50.0799361021957,50.7346035758633
11.3137084989848,11.3137084989848,20.8326666559997,21.0237960416286,18,18.9736659610103,2.82842712474619,0,19.3390796058137,18.9208879284245,25.377155080899,26,13.1909059582729,13.6381816969859,33.6749164809655,34,27.6043474836845,28.3196045170126,17.1464281994822,15.6843871413581,13.0384048104053,14.3527000944073,35.5527776692624,35.5527776692624,29.4957624075053,29.732137494637,44.4747119158742,43.9317652729776,32.8024389337135,31.7490157327751,47.8957200593122,48.4767985741633,28.1780056072107,28.9136645896019,40.8166632639171,41.3521462562707,24.8596057893121,24.576411454889,29.732137494637,29.732137494637,29.4957624075053,29.4278779391243,38.0263066836631,38.1051177665153,23.2379000772445,22.4053565024081,52.4022900262956,53.1789432012333,32.5883414736007,32.7719392163479,26.6082693913001,26.6458251889485,44.0681290730614,44.7660585711988,30.9192496674806,30.9838667696593,24.9399278266799,24.1246761636296,41.7133072292284,40.5709255502016,47.5815090134813,46.9041575982343,48.0208288141719,48.0832611206852,40.8900966005217,40.7430975749267,23.1084400165827,24,43.4511219648009,43.7949768809164,63.608175575157,64.4670458451448,50.7346035758633,50.0799361021957
12.0830459735946,12.328828005938,15.6843871413581,19.3390796058137,22.7156333832011,22.8473193175917,18.9208879284245,19.3390796058137,0,22.6274169979695,16,24.8193472919817,30.364452901378,30.7245829914744,26.229754097208,27.712812921102,28.9136645896019,33.7045990927054,24.5356882927706,24.454038521275,27.6043474836845,28.1424945589406,31.9687347262916,25.0998007960223,11.7473401244707,28.2842712474619,38,34.5832329315812,40.4722126896961,35.2420203734122,38.6005181312376,40.6201920231798,43.3589667773576,43.9545219516718,41.3037528561268,48.9897948556636,25.0199920063936,23.4520787991172,45.0777106783386,45.2769256906871,19.0787840283389,28.6006992921502,22.494443758404,37.1483512420134,13.856406460551,23.0217288664427,42.2374241638858,46.6690475583121,19.94993734326,30.9838667696593,27.2396769437525,24.9799919935936,32.8937684067971,40.4227658628155,12.8062484748657,29.6647939483827,35.0998575495685,32.4345494804537,50.5371150739731,45.18849411078,56.0892146495206,48.7031826475437,34,46.9041575982343,55.7135531087365,55.659680200303,35.2703841770968,37.0944739819828,34.6410161513776,35.4400902933387,53.4041196912748,56.8154908453672,58.8727441181401,50.8920425999979
12.328828005938,12.0830459735946,19.3390796058137,15.6843871413581,22.8473193175917,22.7156333832011,19.3390796058137,18.9208879284245,22.6274169979695,0,24.8193472919817,16,30.7245829914744,30.364452901378,27.712812921102,26.229754097208,33.7045990927054,28.9136645896019,24.454038521275,24.5356882927706,28.1424945589406,27.6043474836845,25.0998007960223,31.9687347262916,28.2842712474619,11.7473401244707,34.5832329315812,38,35.2420203734122,40.4722126896961,40.6201920231798,38.6005181312376,43.9545219516718,43.3589667773576,48.9897948556636,41.3037528561268,23.4520787991172,25.0199920063936,45.2769256906871,45.0777106783386,28.6006992921502,19.0787840283389,37.1483512420134,22.494443758404,23.0217288664427,13.856406460551,46.6690475583121,42.2374241638858,30.9838667696593,19.94993734326,24.9799919935936,27.2396769437525,40.4227658628155,32.8937684067971,29.6647939483827,12.8062484748657,32.4345494804537,35.0998575495685,45.18849411078,50.5371150739731,48.7031826475437,56.0892146495206,46.9041575982343,34,55.659680200303,55.7135531087365,37.0944739819828,35.2703841770968,35.4400902933387,34.6410161513776,56.8154908453672,53.4041196912748,50.8920425999979,58.8727441181401
17.7200451466694,18.7616630392937,11.8321595661992,21.540659228538,25.4165300542777,28,26,25.377155080899,16,24.8193472919817,0,30.9515750810843,37.2827037646145,38.4967531098403,17.1464281994822,28.4253408071038,35.5808937493144,37.7624151769984,33.7934904974316,28.9136645896019,32.9241552663087,37.4699879903904,37.7094152699296,11.0453610171873,16.6733320005331,35.4682957019364,41.1582312545134,20.6881608655772,47.5394572960189,40.6201920231798,27.2029410174709,41.0121933088198,49.7192115786242,53.0282943342514,45.6727489866769,52.0768662651662,27.495454169735,28.8444102037119,52.4022900262956,53.0094331227943,30.6267856622271,35.665109000254,30.2654919008431,42.5910788780937,24.8596057893121,26.3058928759318,28.2842712474619,49.5782210249622,10.9544511501033,37.4165738677394,30.2985148150862,34.5253530032641,19.94993734326,44.8330235429198,24.4948974278318,36.6333181680284,44.7660585711988,37.0675059857013,59.2621295601162,49.8196748283246,61.3351449007826,52.1344415909483,43.081318457076,51.0685813392148,63.8278935889318,63.103090257134,40.1497197997695,46.7332857821917,28,32.8024389337135,39.9249295553543,58.8557558782487,62.0161269348546,54.1664102558034
18.7616630392937,17.7200451466694,21.540659228538,11.8321595661992,28,25.4165300542777,25.377155080899,26,24.8193472919817,16,30.9515750810843,0,38.4967531098403,37.2827037646145,28.4253408071038,17.1464281994822,37.7624151769984,35.5808937493144,28.9136645896019,33.7934904974316,37.4699879903904,32.9241552663087,11.0453610171873,37.7094152699296,35.4682957019364,16.6733320005331,20.6881608655772,41.1582312545134,40.6201920231798,47.5394572960189,41.0121933088198,27.2029410174709,53.0282943342514,49.7192115786242,52.0768662651662,45.6727489866769,28.8444102037119,27.495454169735,53.0094331227943,52.4022900262956,35.665109000254,30.6267856622271,42.5910788780937,30.2654919008431,26.3058928759318,24.8596057893121,49.5782210249622,28.2842712474619,37.4165738677394,10.9544511501033,34.5253530032641,30.2985148150862,44.8330235429198,19.94993734326,36.6333181680284,24.4948974278318,37.0675059857013,44.7660585711988,49.8196748283246,59.2621295601162,52.1344415909483,61.3351449007826,51.0685813392148,43.081318457076,63.103090257134,63.8278935889318,46.7332857821917,40.1497197997695,32.8024389337135,28,58.8557558782487,39.9249295553543,54.1664102558034,62.0161269348546
23.6643191323985,23.9165214862028,32.2490309931942,33.7045990927054,27.3861278752583,29.563490998189,13.6381816969859,13.1909059582729,30.364452901378,30.7245829914744,37.2827037646145,38.4967531098403,0,9.2736184954957,45.0333209967908,46.5403051128804,35.4400902933387,39.1407715815619,26.7207784317748,21.5870331449229,10.295630140987,17.832554500127,48.187135212627,48.1456124688429,41.9285105864733,42.190046219458,56.7978872846517,54.7722557505166,41.3763217311544,35.6089876295297,59.464274989274,61.0409698481274,16.1864140562386,21.1660104885167,48.2700735445887,52.3450093132096,33.0454232837166,33.0454232837166,17.2046505340853,18.1107702762748,43.2666153055679,42.1188793773054,52.1919534027996,52.1727898429823,31.4006369362152,31.3049516849971,63.1981012372999,65.4064217030713,45.0777106783386,45.8257569495584,37.1214223865412,37.1214223865412,54.1479454827235,56.2672195865408,43.7264222181509,42.4028300942284,30.6267856622271,23.0651251893416,48.1248376620639,40.6448028658032,56.5154846037792,52.1344415909483,58.4636639289739,59.2621295601162,29.563490998189,28.49561369755,16.8522995463527,24.6981780704569,55.4616984954482,56.3737527578216,73.6206492772239,76.5636989702039,59.7159945073345,56.4977875673021
23.9165214862028,23.6643191323985,33.7045990927054,32.2490309931942,29.563490998189,27.3861278752583,13.1909059582729,13.6381816969859,30.7245829914744,30.364452901378,38.4967531098403,37.2827037646145,9.2736184954957,0,46.5403051128804,45.0333209967908,39.1407715815619,35.4400902933387,21.5870331449229,26.7207784317748,17.832554500127,10.295630140987,48.1456124688429,48.187135212627,42.190046219458,41.9285105864733,54.7722557505166,56.7978872846517,35.6089876295297,41.3763217311544,61.0409698481274,59.464274989274,21.1660104885167,16.1864140562386,52.3450093132096,48.2700735445887,33.0454232837166,33.0454232837166,18.1107702762748,17.2046505340853,42.1188793773054,43.2666153055679,52.1727898429823,52.1919534027996,31.3049516849971,31.4006369362152,65.4064217030713,63.1981012372999,45.8257569495584,45.0777106783386,37.1214223865412,37.1214223865412,56.2672195865408,54.1479454827235,42.4028300942284,43.7264222181509,23.0651251893416,30.6267856622271,40.6448028658032,48.1248376620639,52.1344415909483,56.5154846037792,59.2621295601162,58.4636639289739,28.49561369755,29.563490998189,24.6981780704569,16.8522995463527,56.3737527578216,55.4616984954482,76.5636989702039,73.6206492772239,56.4977875673021,59.7159945073345
22.9346898823594,23.832750575626,13.3416640641263,19.2873015219859,27.6405499221705,28.4253408071038,34,33.6749164809655,26.229754097208,27.712812921102,17.1464281994822,28.4253408071038,45.0333209967908,46.5403051128804,0,16.9705627484771,37.5499667110372,40.3732584763727,35.8329457343378,33.2866339541865,39.5474398665704,43.1045241245046,32.3419232575925,18.3303027798234,31.0805405358401,38.7556447501522,32.5576411921994,16.7928556237467,48.187135212627,46.0651712251241,15.4272486205415,28.4604989415154,59.194594347795,61.5792172733626,50.2792203599061,50.7543101617981,30.886890422961,30.9192496674806,62.0161269348546,62.3056979737809,40.1746188532013,42.6848919408261,43.6348484585429,47.2016948848238,29.0516780926679,28.9136645896019,27.6043474836845,42.0951303596984,25.4558441227157,36.8239052790439,35.1283361405006,35.6089876295297,27.8567765543682,41.9761837236307,37.4966665185054,42.6848919408261,47.370877129308,43.7949768809164,59.0592922409336,55.3714727996285,59.4306318324145,56.7097875150313,53.2728824074688,55.1180551180827,74.027022093287,73.4710827468876,47.2440472440709,52,11.4891252930761,18.0554700852678,35.8887168898527,49.8397431775085,60.4648658313239,58.3780780773057
23.832750575626,22.9346898823594,19.2873015219859,13.3416640641263,28.4253408071038,27.6405499221705,33.6749164809655,34,27.712812921102,26.229754097208,28.4253408071038,17.1464281994822,46.5403051128804,45.0333209967908,16.9705627484771,0,40.3732584763727,37.5499667110372,33.2866339541865,35.8329457343378,43.1045241245046,39.5474398665704,18.3303027798234,32.3419232575925,38.7556447501522,31.0805405358401,16.7928556237467,32.5576411921994,46.0651712251241,48.187135212627,28.4604989415154,15.4272486205415,61.5792172733626,59.194594347795,50.7543101617981,50.2792203599061,30.9192496674806,30.886890422961,62.3056979737809,62.0161269348546,42.6848919408261,40.1746188532013,47.2016948848238,43.6348484585429,28.9136645896019,29.0516780926679,42.0951303596984,27.6043474836845,36.8239052790439,25.4558441227157,35.6089876295297,35.1283361405006,41.9761837236307,27.8567765543682,42.6848919408261,37.4966665185054,43.7949768809164,47.370877129308,55.3714727996285,59.0592922409336,56.7097875150313,59.4306318324145,55.1180551180827,53.2728824074688,73.4710827468876,74.027022093287,52,47.2440472440709,18.0554700852678,11.4891252930761,49.8397431775085,35.8887168898527,58.3780780773057,60.4648658313239
22.6715680975093,22.9782505861521,26.8328157299975,29.1547594742265,11.3137084989848,29.4278779391243,28.3196045170126,27.6043474836845,28.9136645896019,33.7045990927054,35.5808937493144,37.7624151769984,35.4400902933387,39.1407715815619,37.5499667110372,40.3732584763727,0,45.4752680036083,34.8425027803687,15.6204993518133,27.712812921102,39.2683078321437,47.3919824442911,44.4522215417857,42.9651021178817,44.6766158073774,51.8652099195598,49.5580467734555,47.8121323515277,12.8062484748657,51.1077293567226,52.5357021462548,45.5192267069642,51.555795018601,17.0293863659264,51.4587213210744,31.6543835826888,17.2626765016321,50,50.4777178564959,44.3621460256377,42.2137418384109,48.8262224629348,54.571054598569,29.563490998189,30.7245829914744,55.9464029227975,61.6441400296898,45.6946386351835,47.7493455452533,36.1386219991853,30.5941170815567,50.8527285403645,57.2188780036799,45.5631429995781,45.0998891351187,46.4542785973477,21.4476105895272,54.3691088762728,25.3377189186399,57.0613704707484,23.2808934536456,55.9642743185329,63.9218272579876,59.84981202978,59.464274989274,31.0805405358401,47.6445169982864,46.5832587954085,46.5832587954085,64.1248781675256,70.6540869306228,58.6685605754905,25.8456959666402
22.9782505861521,22.6715680975093,29.1547594742265,26.8328157299975,29.4278779391243,11.3137084989848,27.6043474836845,28.3196045170126,33.7045990927054,28.9136645896019,37.7624151769984,35.5808937493144,39.1407715815619,35.4400902933387,40.3732584763727,37.5499667110372,45.4752680036083,0,15.6204993518133,34.8425027803687,39.2683078321437,27.712812921102,44.4522215417857,47.3919824442911,44.6766158073774,42.9651021178817,49.5580467734555,51.8652099195598,12.8062484748657,47.8121323515277,52.5357021462548,51.1077293567226,51.555795018601,45.5192267069642,51.4587213210744,17.0293863659264,17.2626765016321,31.6543835826888,50.4777178564959,50,42.2137418384109,44.3621460256377,54.571054598569,48.8262224629348,30.7245829914744,29.563490998189,61.6441400296898,55.9464029227975,47.7493455452533,45.6946386351835,30.5941170815567,36.1386219991853,57.2188780036799,50.8527285403645,45.0998891351187,45.5631429995781,21.4476105895272,46.4542785973477,25.3377189186399,54.3691088762728,23.2808934536456,57.0613704707484,63.9218272579876,55.9642743185329,59.464274989274,59.84981202978,47.6445169982864,31.0805405358401,46.5832587954085,46.5832587954085,70.6540869306228,64.1248781675256,25.8456959666402,58.6685605754905
16.4924225024706,15.7480157480236,25.298221281347,20.7364413533277,24.9399278266799,10.4880884817015,15.6843871413581,17.1464281994822,24.5356882927706,24.454038521275,33.7934904974316,28.9136645896019,26.7207784317748,21.5870331449229,35.8329457343378,33.2866339541865,34.8425027803687,15.6204993518133,0,28.8790581563873,28.0713376952364,12.9614813968157,36.9864840178139,43.5430821141545,35.8329457343378,34.0881210981186,43.1972221329104,49.7192115786242,17.2046505340853,39.6736688497548,50.8723893679076,46.2168800331654,40.0499687890016,32.4345494804537,45.2990066116245,30.5941170815567,21.0713075057055,28.6705423736629,38.6522961801754,37.6563407675255,33.6749164809655,34.6121365997536,44.4522215417857,41.641325627314,24.0416305603426,25.9229627936314,59.9499791492875,50.6359556046887,41.8807831827438,35.8608421540822,30.4630924234556,33.0756708170825,53.084837759948,44.226688774992,36.0277670693036,35.5246393366632,11.6619037896906,36.1939221417077,26.7207784317748,48.5592421687159,34.2344855372474,51.6720427310553,54.1109970338747,50.438080851674,48.0208288141719,49.2747399790197,36.9052841744919,19.4935886896179,43.7949768809164,42.7083130081252,70.0856618717409,61.1391854705311,40.0499687890016,53.9629502529282
15.7480157480236,16.4924225024706,20.7364413533277,25.298221281347,10.4880884817015,24.9399278266799,17.1464281994822,15.6843871413581,24.454038521275,24.5356882927706,28.9136645896019,33.7934904974316,21.5870331449229,26.7207784317748,33.2866339541865,35.8329457343378,15.6204993518133,34.8425027803687,28.8790581563873,0,12.9614813968157,28.0713376952364,43.5430821141545,36.9864840178139,34.0881210981186,35.8329457343378,49.7192115786242,43.1972221329104,39.6736688497548,17.2046505340853,46.2168800331654,50.8723893679076,32.4345494804537,40.0499687890016,30.5941170815567,45.2990066116245,28.6705423736629,21.0713075057055,37.6563407675255,38.6522961801754,34.6121365997536,33.6749164809655,41.641325627314,44.4522215417857,25.9229627936314,24.0416305603426,50.6359556046887,59.9499791492875,35.8608421540822,41.8807831827438,33.0756708170825,30.4630924234556,44.226688774992,53.084837759948,35.5246393366632,36.0277670693036,36.1939221417077,11.6619037896906,48.5592421687159,26.7207784317748,51.6720427310553,34.2344855372474,50.438080851674,54.1109970338747,49.2747399790197,48.0208288141719,19.4935886896179,36.9052841744919,42.7083130081252,43.7949768809164,61.1391854705311,70.0856618717409,53.9629502529282,40.0499687890016
19.94993734326,21.3072757526625,27.2029410174709,31.0161248385417,20.7364413533277,27.8567765543682,14.3527000944073,13.0384048104053,27.6043474836845,28.1424945589406,32.9241552663087,37.4699879903904,10.295630140987,17.832554500127,39.5474398665704,43.1045241245046,27.712812921102,39.2683078321437,28.0713376952364,12.9614813968157,0,23.9582971014219,46.946778377222,42.7551166528639,38.9358446678636,39.1918358845309,55.3714727996285,49.5176736125598,43.2434966208793,27.0554985169374,53.9073278877742,58.3438085832593,20.3960780543711,31.1769145362398,40.2243707222375,49.7393204617836,30.886890422961,29.1547594742265,25.6124969497314,27.6405499221705,41.7612260356422,39.5727178748188,47.2016948848238,48.22862220715,28.8097205817759,28.1424945589406,57.3585215988,64.5910210478206,41.0609303352956,44.8776113446338,35.5527776692624,35.6089876295297,49.5782210249622,55.874860178796,40,39.1918358845309,35.0998575495685,16,50.7148893324239,33.436506994601,55.299186250794,43.6119249747131,55.0272659687904,56.302753041037,37.7888872553824,36.8239052790439,11.4891252930761,32.0936130717624,50.6359556046887,51.7687164221792,67.6165660175079,75.591004755857,57.4804314527997,49.3558507170123
21.3072757526625,19.94993734326,31.0161248385417,27.2029410174709,27.8567765543682,20.7364413533277,13.0384048104053,14.3527000944073,28.1424945589406,27.6043474836845,37.4699879903904,32.9241552663087,17.832554500127,10.295630140987,43.1045241245046,39.5474398665704,39.2683078321437,27.712812921102,12.9614813968157,28.0713376952364,23.9582971014219,0,42.7551166528639,46.946778377222,39.1918358845309,38.9358446678636,49.5176736125598,55.3714727996285,27.0554985169374,43.2434966208793,58.3438085832593,53.9073278877742,31.1769145362398,20.3960780543711,49.7393204617836,40.2243707222375,29.1547594742265,30.886890422961,27.6405499221705,25.6124969497314,39.5727178748188,41.7612260356422,48.22862220715,47.2016948848238,28.1424945589406,28.8097205817759,64.5910210478206,57.3585215988,44.8776113446338,41.0609303352956,35.6089876295297,35.5527776692624,55.874860178796,49.5782210249622,39.1918358845309,40,16,35.0998575495685,33.436506994601,50.7148893324239,43.6119249747131,55.299186250794,56.302753041037,55.0272659687904,36.8239052790439,37.7888872553824,32.0936130717624,11.4891252930761,51.7687164221792,50.6359556046887,75.591004755857,67.6165660175079,49.3558507170123,57.4804314527997
28.49561369755,27.459060435492,28.8444102037119,19.4422220952236,37.0405183549043,32.218007387174,35.5527776692624,35.5527776692624,31.9687347262916,25.0998007960223,37.7094152699296,11.0453610171873,48.187135212627,48.1456124688429,32.3419232575925,18.3303027798234,47.3919824442911,44.4522215417857,36.9864840178139,43.5430821141545,46.946778377222,42.7551166528639,0,45.9347363114234,44.7213595499958,22.8910462845192,12.7279220613579,47.6864760702655,50.6162029393751,56.6215506675683,45.0111097397076,21.5870331449229,63.1981012372999,60.1996677731697,61.0409698481274,56.9736781329765,34.5253530032641,36.0555127546399,62.4659907469657,62.1128006130781,45.2990066116245,39.7240481320824,55.208694967369,36.8781778291716,32.7719392163479,32.9848450049413,56.4800849857718,18.7616630392937,47.4763098818769,11.4891252930761,38.2883794381533,37.6563407675255,54.6991773247094,11.8321595661992,47.6445169982864,32.5269119345812,47.4763098818769,54.6626014748658,59.5315042645489,68.4105255059483,61.6765757804371,68.847657912234,60.5475020128824,51.1663952218641,72.7873615403114,73.5798885565886,56.9912273951,50.6162029393751,34.3802268753422,27.4226184016042,64.0312423743285,30.4302481094059,62.9285308902091,68.847657912234
27.459060435492,28.49561369755,19.4422220952236,28.8444102037119,32.218007387174,37.0405183549043,35.5527776692624,35.5527776692624,25.0998007960223,31.9687347262916,11.0453610171873,37.7094152699296,48.1456124688429,48.187135212627,18.3303027798234,32.3419232575925,44.4522215417857,47.3919824442911,43.5430821141545,36.9864840178139,42.7551166528639,46.946778377222,45.9347363114234,0,22.8910462845192,44.7213595499958,47.6864760702655,12.7279220613579,56.6215506675683,50.6162029393751,21.5870331449229,45.0111097397076,60.1996677731697,63.1981012372999,56.9736781329765,61.0409698481274,36.0555127546399,34.5253530032641,62.1128006130781,62.4659907469657,39.7240481320824,45.2990066116245,36.8781778291716,55.208694967369,32.9848450049413,32.7719392163479,18.7616630392937,56.4800849857718,11.4891252930761,47.4763098818769,37.6563407675255,38.2883794381533,11.8321595661992,54.6991773247094,32.5269119345812,47.6445169982864,54.6626014748658,47.4763098818769,68.4105255059483,59.5315042645489,68.847657912234,61.6765757804371,51.1663952218641,60.5475020128824,73.5798885565886,72.7873615403114,50.6162029393751,56.9912273951,27.4226184016042,34.3802268753422,30.4302481094059,64.0312423743285,68.847657912234,62.9285308902091
22.6274169979695,22.8910462845192,22.2261107708929,25.9615099714943,28.3196045170126,33.6452076825214,29.732137494637,29.4957624075053,11.7473401244707,28.2842712474619,16.6733320005331,35.4682957019364,41.9285105864733,42.190046219458,31.0805405358401,38.7556447501522,42.9651021178817,44.6766158073774,35.8329457343378,34.0881210981186,38.9358446678636,39.1918358845309,44.7213595499958,22.8910462845192,0,43.1972221329104,48.187135212627,33.3766385365573,51.6526862805798,46.4112055434892,40.2740611312045,49.3558507170123,52.3450093132096,53.8330753347791,50.6162029393751,59.5650904473417,34.4383507154451,31.1126983722081,54.1848687365763,54.3323108288245,22.5831795812724,43.7035467668243,16.6132477258362,47.6025209416476,23.1516738055805,29.086079144498,38.8587184554509,54.8087584241789,16.1864140562386,44.3621460256377,35.213633723318,35.6370593624109,26.4196896272458,49.8798556533597,10.9544511501033,43.840620433566,45.6727489866769,43.9545219516718,61.4491659829489,53.5350352572967,67.349832961931,56.0892146495206,27.7848879788996,55.1180551180827,63.6553218513582,63.6553218513582,45.8911756223351,47.3286382647969,40.9878030638384,43.9089968002003,50.9116882454314,63.2613626157388,69.5701085237044,58.0689245638319
22.8910462845192,22.6274169979695,25.9615099714943,22.2261107708929,33.6452076825214,28.3196045170126,29.4957624075053,29.732137494637,28.2842712474619,11.7473401244707,35.4682957019364,16.6733320005331,42.190046219458,41.9285105864733,38.7556447501522,31.0805405358401,44.6766158073774,42.9651021178817,34.0881210981186,35.8329457343378,39.1918358845309,38.9358446678636,22.8910462845192,44.7213595499958,43.1972221329104,0,33.3766385365573,48.187135212627,46.4112055434892,51.6526862805798,49.3558507170123,40.2740611312045,53.8330753347791,52.3450093132096,59.5650904473417,50.6162029393751,31.1126983722081,34.4383507154451,54.3323108288245,54.1848687365763,43.7035467668243,22.5831795812724,47.6025209416476,16.6132477258362,29.086079144498,23.1516738055805,54.8087584241789,38.8587184554509,44.3621460256377,16.1864140562386,35.6370593624109,35.213633723318,49.8798556533597,26.4196896272458,43.840620433566,10.9544511501033,43.9545219516718,45.6727489866769,53.5350352572967,61.4491659829489,56.0892146495206,67.349832961931,55.1180551180827,27.7848879788996,63.6553218513582,63.6553218513582,47.3286382647969,45.8911756223351,43.9089968002003,40.9878030638384,63.2613626157388,50.9116882454314,58.0689245638319,69.5701085237044
35.8329457343378,34.7562943939655,33.4962684488885,24.9799919935936,42.0238027789014,38.3927076409049,43.9317652729776,44.4747119158742,38,34.5832329315812,41.1582312545134,20.6881608655772,56.7978872846517,54.7722557505166,32.5576411921994,16.7928556237467,51.8652099195598,49.5580467734555,43.1972221329104,49.7192115786242,55.3714727996285,49.5176736125598,12.7279220613579,47.6864760702655,48.187135212627,33.3766385365573,0,47.5394572960189,57.8100337311785,62.4019230472908,41.9046536795139,10.9544511501033,72.5672102261069,69.0217357069496,66.332495807108,67.0074622710038,40.1497197997695,41.0609303352956,72.7186358507914,71.7635004720366,48.5798312059645,47.9165942028438,64.730209330729,46.2601340248815,38.7814388593306,39.0640499692492,56,11.13552872566,50.8723893679076,23.0217288664427,43.0348695827,42.8252262107277,57.3061951275776,17.1464281994822,50.438080851674,42.4264068711929,56.1782876207526,61.1228271597445,67.7200118133481,74.1889479639656,70.6257743320383,74.565407529229,70.4698517097915,59.5315042645489,82.4257241399795,83.2346081867393,64.8690989609074,60.2992537267253,30.886890422961,20.1494416796099,63.0396700498979,21.0237960416286,72.2357252334328,74.7261667690776
34.7562943939655,35.8329457343378,24.9799919935936,33.4962684488885,38.3927076409049,42.0238027789014,44.4747119158742,43.9317652729776,34.5832329315812,38,20.6881608655772,41.1582312545134,54.7722557505166,56.7978872846517,16.7928556237467,32.5576411921994,49.5580467734555,51.8652099195598,49.7192115786242,43.1972221329104,49.5176736125598,55.3714727996285,47.6864760702655,12.7279220613579,33.3766385365573,48.187135212627,47.5394572960189,0,62.4019230472908,57.8100337311785,10.9544511501033,41.9046536795139,69.0217357069496,72.5672102261069,67.0074622710038,66.332495807108,41.0609303352956,40.1497197997695,71.7635004720366,72.7186358507914,47.9165942028438,48.5798312059645,46.2601340248815,64.730209330729,39.0640499692492,38.7814388593306,11.13552872566,56,23.0217288664427,50.8723893679076,42.8252262107277,43.0348695827,17.1464281994822,57.3061951275776,42.4264068711929,50.438080851674,61.1228271597445,56.1782876207526,74.1889479639656,67.7200118133481,74.565407529229,70.6257743320383,59.5315042645489,70.4698517097915,83.2346081867393,82.4257241399795,60.2992537267253,64.8690989609074,20.1494416796099,30.886890422961,21.0237960416286,63.0396700498979,74.7261667690776,72.2357252334328
31.1769145362398,30.232432915662,38.0788655293195,34.6410161513776,35.4964786985977,19.94993734326,31.7490157327751,32.8024389337135,40.4722126896961,35.2420203734122,47.5394572960189,40.6201920231798,41.3763217311544,35.6089876295297,48.187135212627,46.0651712251241,47.8121323515277,12.8062484748657,17.2046505340853,39.6736688497548,43.2434966208793,27.0554985169374,50.6162029393751,56.6215506675683,51.6526862805798,46.4112055434892,57.8100337311785,62.4019230472908,0,59.3295878967653,63.2613626157388,59.3632883186233,54.0925133451941,43.7035467668243,62.9603049547888,18,28,37.6563407675255,52.0384473250308,49.0917508345343,46.2168800331654,46.8187996428785,61.9354502688081,61.5467302137165,36.0832371053374,35.8608421540822,71.596089278675,65.8634952003005,56.8154908453672,50.3587132480567,38.8587184554509,40.7185461430047,66.8281377864145,61.983868869247,50.5964425626941,48.9693781867812,14.4913767461894,52.9150262212918,14.2828568570857,64.6529195009785,19.3390796058137,66.4830805543787,70.057119552548,65.7267069006199,58.4465567848098,60.0166643524946,52.7825728815866,27.1661554144123,55.9821400091136,55.8032257132148,81.535268442558,72.4568837309472,25.9615099714943,67.6461381011511
30.232432915662,31.1769145362398,34.6410161513776,38.0788655293195,19.94993734326,35.4964786985977,32.8024389337135,31.7490157327751,35.2420203734122,40.4722126896961,40.6201920231798,47.5394572960189,35.6089876295297,41.3763217311544,46.0651712251241,48.187135212627,12.8062484748657,47.8121323515277,39.6736688497548,17.2046505340853,27.0554985169374,43.2434966208793,56.6215506675683,50.6162029393751,46.4112055434892,51.6526862805798,62.4019230472908,57.8100337311785,59.3295878967653,0,59.3632883186233,63.2613626157388,43.7035467668243,54.0925133451941,18,62.9603049547888,37.6563407675255,28,49.0917508345343,52.0384473250308,46.8187996428785,46.2168800331654,61.5467302137165,61.9354502688081,35.8608421540822,36.0832371053374,65.8634952003005,71.596089278675,50.3587132480567,56.8154908453672,40.7185461430047,38.8587184554509,61.983868869247,66.8281377864145,48.9693781867812,50.5964425626941,52.9150262212918,14.4913767461894,64.6529195009785,14.2828568570857,66.4830805543787,19.3390796058137,65.7267069006199,70.057119552548,60.0166643524946,58.4465567848098,27.1661554144123,52.7825728815866,55.8032257132148,55.9821400091136,72.4568837309472,81.535268442558,67.6461381011511,25.9615099714943
37.7888872553824,38.5486705347928,27.8208554864871,33.8526217596215,40.7430975749267,43.5430821141545,48.4767985741633,47.8957200593122,38.6005181312376,40.6201920231798,27.2029410174709,41.0121933088198,59.464274989274,61.0409698481274,15.4272486205415,28.4604989415154,51.1077293567226,52.5357021462548,50.8723893679076,46.2168800331654,53.9073278877742,58.3438085832593,45.0111097397076,21.5870331449229,40.2740611312045,49.3558507170123,41.9046536795139,10.9544511501033,63.2613626157388,59.3632883186233,0,41.3521462562707,72.7873615403114,76.2758153020995,67.3349834781297,70.0428440313499,43.2666153055679,42.614551505325,76.0657610229465,76.7202711152665,50.2394267483219,50.1996015920445,53.4415568635496,65.1152823843988,41.4004830889689,41.0121933088198,19.0262975904404,53.1789432012333,31.3049516849971,49.6789693934969,44.9666543118342,44.9666543118342,27.8926513619627,54.2217668469038,47.9583152331272,51.8652099195598,62.5619692784682,58.4636639289739,75.0732975164938,72.1803297304744,75.1531769122238,74.6190324247105,66.6483308118065,74.6726188103779,87.9772697916911,87.0976463516667,62.7056616263635,67.2011904656458,15.3622914957372,23.0217288664427,25.298221281347,58.0861429258304,75.9078388573934,75.6439025963098
38.5486705347928,37.7888872553824,33.8526217596215,27.8208554864871,43.5430821141545,40.7430975749267,47.8957200593122,48.4767985741633,40.6201920231798,38.6005181312376,41.0121933088198,27.2029410174709,61.0409698481274,59.464274989274,28.4604989415154,15.4272486205415,52.5357021462548,51.1077293567226,46.2168800331654,50.8723893679076,58.3438085832593,53.9073278877742,21.5870331449229,45.0111097397076,49.3558507170123,40.2740611312045,10.9544511501033,41.9046536795139,59.3632883186233,63.2613626157388,41.3521462562707,0,76.2758153020995,72.7873615403114,70.0428440313499,67.3349834781297,42.614551505325,43.2666153055679,76.7202711152665,76.0657610229465,50.1996015920445,50.2394267483219,65.1152823843988,53.4415568635496,41.0121933088198,41.4004830889689,53.1789432012333,19.0262975904404,49.6789693934969,31.3049516849971,44.9666543118342,44.9666543118342,54.2217668469038,27.8926513619627,51.8652099195598,47.9583152331272,58.4636639289739,62.5619692784682,72.1803297304744,75.0732975164938,74.6190324247105,75.1531769122238,74.6726188103779,66.6483308118065,87.0976463516667,87.9772697916911,67.2011904656458,62.7056616263635,23.0217288664427,15.3622914957372,58.0861429258304,25.298221281347,75.6439025963098,75.9078388573934
